test.asc
NCOLS 165
NROWS 163
XLLCORNER 3550143.750000
YLLCORNER 5689493.750000
CELLSIZE 12.500000
NODATA_VALUE -99999.000000
[rows 0 to 27 of 163, columns 0 to 62 of 165]
440.3990 437.3621 434.3448 431.3276 428.7657 426.6836 424.6392 422.5228 420.5665 418.0915 415.4168 412.7425 410.2341 407.5995 404.8586 402.1177 399.2642 396.0427 392.8034 389.3435 384.9725 380.6187 375.8518 370.9136 366.8456 362.9582 359.1845 355.7410 352.2784 349.0710 346.3388 343.6066 340.8743 338.3168 335.8416 333.3663 330.9768 328.4021 325.6620 322.9040 320.0791 318.9756 318.6664 319.7213 327.0175 336.5085 344.0377 350.1671 353.4291 354.8516 354.9694 354.0634 354.0000 355.4071 357.3499 359.5247 362.6124 366.1978 370.1693 374.2925 377.8550 380.3641 382.1676
439.7855 436.8057 433.8303 430.8716 428.3408 426.1765 424.0756 421.9748 419.8193 417.1790 414.5510 411.9142 409.2237 406.5098 403.8773 401.2052 398.1529 394.8487 391.5258 387.9333 383.9825 379.5905 375.0237 370.2844 366.3707 362.5152 358.8269 355.4434 352.0327 348.9357 346.2875 343.5855 340.8835 338.4071 336.0402 333.7303 331.4832 329.0396 326.2147 323.4129 320.6130 319.5802 319.3361 321.1765 330.7210 340.5494 346.1582 351.7743 355.7814 357.9049 357.8857 357.0799 356.9412 358.0470 359.8600 362.3623 365.2180 368.5011 372.3143 376.5399 380.4271 383.0659 385.0843
439.2919 436.4017 433.5116 430.5950 428.0025 425.4962 423.0704 420.9244 418.5480 415.9636 413.4724 410.8481 408.1679 405.4716 402.8982 400.2073 396.8238 393.3793 390.1911 386.1721 382.0839 378.0952 374.1270 369.7528 365.9506 362.1396 358.4597 354.9983 351.5868 348.6354 346.0580 343.4650 340.8320 338.4766 336.2495 334.0223 331.7916 329.4134 326.5833 323.7433 320.9032 320.0002 320.0003 325.7070 335.4498 343.2456 348.5162 354.0408 358.5089 360.8516 360.7928 360.1014 359.8824 360.7714 362.4004 365.1131 367.7973 371.0328 374.6228 378.5094 382.2833 385.2125 387.8494
438.8574 436.0233 433.2308 430.4482 427.7628 425.0597 422.3481 419.9014 417.1018 414.4496 412.0725 409.5946 406.9986 404.2647 401.5989 398.6888 395.4000 392.0343 388.2793 384.0984 379.9517 376.4074 372.7037 368.9945 365.2778 361.5610 358.0392 354.6585 351.2773 348.3737 345.7964 343.2191 340.6418 338.3549 336.1643 333.9740 331.8055 329.4989 326.6648 323.8668 321.0688 320.0012 322.3333 330.1416 340.9553 345.4789 350.7448 356.4994 361.4056 363.9288 363.9099 363.2710 362.7586 363.6140 364.9717 367.0648 369.9528 373.3705 376.7699 380.6791 384.3519 387.6729 390.4543
438.4642 435.6200 432.7759 429.9311 427.0583 424.3124 421.5674 418.5471 415.4730 412.7605 410.3653 407.7513 405.3071 402.7636 400.2114 397.0620 393.7086 390.3973 386.4228 382.2233 378.3802 375.0297 371.6094 368.0908 364.4410 360.7787 357.4525 354.1733 350.8940 348.1224 345.5291 342.9357 340.3423 338.1736 336.0761 333.9787 331.8813 329.9086 326.6449 323.5802 320.5862 320.0022 327.7640 337.0616 343.4892 348.0175 353.1846 359.1789 364.0360 366.8603 367.0269 366.1432 365.6491 366.5011 367.6771 369.2983 372.2103 375.6121 379.0450 382.6227 386.6263 390.1867 392.7333
437.9874 435.1423 432.1539 429.3586 426.5175 423.7318 420.9137 417.6093 414.0674 410.7428 408.4073 405.8911 403.1217 400.8730 397.8868 394.8503 391.7231 388.4677 384.4355 380.3328 376.8593 373.4373 370.0662 367.0350 363.5317 360.0106 356.7215 353.4659 350.2379 347.6957 345.1799 342.6289 340.0779 337.9547 335.8450 333.7353 331.6998 329.9688 328.0605 324.8235 321.2988 324.0546 331.7783 340.9101 346.0067 350.8158 355.9442 361.8081 367.3786 370.1628 370.1083 368.9919 368.5731 369.3829 370.5868 372.1162 374.5212 377.7329 381.1762 384.6785 388.5918 392.0972 394.8533
437.2195 434.1477 431.0979 428.2269 425.4579 422.7198 419.9092 416.5053 412.9588 409.4544 406.3478 404.1178 401.4047 398.2971 395.4306 392.0571 389.1726 386.1016 382.4193 378.7654 375.4683 372.0248 368.7852 365.7798 362.6193 359.3982 356.1972 352.9947 349.7711 347.2836 344.8672 342.4836 340.0999 338.0489 336.0746 334.0470 332.0195 329.9932 328.2872 326.5813 326.3823 327.9215 335.9861 343.3141 348.4000 353.5237 358.6565 364.6699 370.3317 372.3567 372.3516 371.7551 371.5822 372.4897 373.7874 375.2766 377.4427 380.0678 382.9466 386.3603 390.1091 393.8982 396.9049
436.4862 433.4184 430.2296 427.1242 424.2515 421.4596 418.3295 415.0294 411.7776 408.3790 405.1540 402.0000 399.7906 396.4067 392.8938 389.6220 386.7890 384.0434 380.5078 377.4709 374.4946 371.2720 368.0608 364.8923 361.7237 358.6585 355.6097 352.5949 349.6288 347.3400 345.0877 342.8355 340.5832 338.4933 336.4293 334.3636 332.2975 330.2110 328.3983 327.8976 328.0114 329.9285 340.3901 346.1809 351.2909 356.3918 361.7042 368.0856 371.7711 374.3014 375.2640 374.9103 374.6724 375.3984 377.0177 378.3545 380.2774 382.3971 384.9584 387.9774 391.6286 395.4705 399.1061
435.7555 432.8378 429.7941 426.5766 423.4396 420.3800 416.8659 413.2345 409.8792 406.7195 403.5199 400.2738 397.3755 394.5550 391.2262 388.0989 385.2087 382.3783 379.2868 376.3910 373.5026 370.5471 367.4210 364.2492 361.0543 358.1794 355.3488 352.4419 349.6460 347.4336 345.2213 343.0089 340.8278 338.7305 336.6440 334.5574 332.4032 330.1530 330.0001 329.8951 329.5034 337.0072 344.2391 349.8248 355.1236 360.1341 365.5612 371.1797 374.6795 377.3379 378.2561 378.0656 377.7627 378.3525 380.0420 381.1708 382.5893 384.6018 387.0003 389.7696 393.6170 397.5486 401.0127
435.2032 432.2067 429.0250 425.4973 422.4526 419.2623 416.0237 412.3138 408.5080 404.8072 401.3956 398.2448 395.5879 392.6305 389.6742 386.9002 384.0435 381.1194 378.2318 375.3784 372.5143 369.6158 366.4690 363.3223 360.1643 357.5767 355.0204 352.2945 349.6440 347.5249 345.4058 343.3293 341.3040 339.2113 336.9881 334.7043 332.3296 330.7000 330.2000 330.0002 334.4718 342.5203 348.2784 353.7912 359.2857 364.1029 369.5238 373.7638 377.6779 380.2122 381.0550 381.1594 380.8787 381.1518 382.4294 383.7879 385.0791 386.8240 388.9700 392.1102 395.7655 399.7378 402.6152
434.4823 431.2058 427.7401 424.3503 420.9683 417.8340 414.8171 411.6382 408.2451 404.6074 400.7185 396.8413 393.5733 390.9067 388.1338 385.4000 382.6557 379.8849 377.2285 374.3988 371.5714 368.7708 365.7713 362.7701 359.8004 357.2951 354.8112 352.3274 349.8722 347.8452 345.7948 343.7141 341.6334 339.4058 336.6418 334.1938 331.9404 330.6000 330.4000 332.9935 341.1447 346.6250 352.7266 358.2877 362.9456 367.5759 372.5294 376.8841 380.5235 383.3605 384.0921 384.1787 384.0000 384.2365 384.9294 386.3445 387.4986 389.1184 391.5385 394.5671 397.9965 401.4245 404.4784
434.0155 430.7083 426.6849 422.5649 419.4054 416.3458 413.2322 410.2439 406.8708 403.4367 399.9460 396.3890 392.9925 390.0000 387.1146 383.8756 381.0998 378.5566 375.8955 373.3123 370.5617 367.9204 365.2355 362.4147 359.6543 357.2669 354.8944 352.5219 350.1359 348.0431 345.9702 343.8972 341.8242 339.6198 336.4512 333.3373 330.8203 330.7000 330.9862 339.2955 345.0000 350.5041 356.8048 362.2719 366.6705 371.4024 376.6142 380.7484 384.1606 386.3679 387.1292 387.1981 387.1250 387.3153 387.6491 388.7853 390.0893 391.9204 394.4479 397.2964 400.4642 403.3587 406.3757
433.4731 430.3899 426.0963 421.6399 417.9574 414.6757 411.6875 408.5256 405.3521 401.9850 398.7170 395.9136 393.1393 390.0228 386.4009 382.8182 380.0000 377.3418 374.8529 372.4683 369.8864 367.3625 364.8385 362.2222 359.6154 357.2115 354.8077 352.4038 350.0000 347.9839 345.9677 343.9516 341.9355 339.9175 337.0106 333.9294 330.7350 330.8721 336.6429 343.0425 348.7600 355.1234 361.0881 366.0000 370.7046 377.1290 381.8824 385.2666 388.4582 389.9621 390.2160 390.2381 390.2410 390.4145 390.6331 391.5674 393.3054 395.0287 397.2350 399.9221 402.6979 405.6503 408.6847
432.7108 429.5630 425.1932 421.0501 417.3635 413.6539 410.2740 406.9927 403.7180 400.5128 397.5862 394.7809 392.0411 389.2939 386.1883 382.9851 379.7761 376.9776 374.1791 371.3806 368.9078 366.8357 364.6023 362.1039 359.5822 357.1813 354.7803 352.3794 349.9816 347.9324 345.8832 343.8593 341.8412 339.8302 337.8557 335.0041 333.6208 336.2773 341.3452 347.7460 353.5071 359.6549 365.2747 370.4102 376.7500 381.9836 385.8017 389.7148 391.7287 392.6617 393.1349 393.2021 393.2530 393.6529 393.8993 394.7593 396.3525 398.2022 400.1768 402.3369 405.0190 407.7934 410.5323
432.1196 428.5792 423.9953 419.6165 416.1703 412.6069 409.1583 405.9336 402.5377 399.2252 396.2450 393.2758 390.5293 387.8162 384.9055 381.9625 379.1536 376.5162 373.6953 370.8745 368.6322 366.3241 364.0160 361.7080 359.3788 356.9894 354.6001 352.2105 349.8387 347.7165 345.6222 343.5822 341.5392 339.5211 337.5880 336.7455 338.0497 339.5089 346.2211 352.5000 358.2525 364.1071 369.3986 375.9746 381.4054 385.2351 389.1411 392.0207 394.0189 395.3109 395.9524 396.1557 396.2601 396.7000 397.2167 397.9958 399.4066 401.1298 402.8960 404.7581 407.1875 410.1107 412.1006
431.4341 427.3307 422.4952 418.4152 415.0875 411.6229 408.3278 405.0754 401.8197 398.6226 395.4997 392.4074 389.3499 386.2539 383.5668 380.6522 378.0516 375.6496 373.1783 370.6238 368.1773 365.7987 363.4695 361.1742 358.9599 356.6950 354.3343 351.9736 349.6486 347.4105 345.1723 343.0984 341.0659 339.7508 339.0538 338.3568 339.9911 345.5305 351.6631 357.0690 363.3510 369.4171 374.6688 380.6349 384.6032 388.4911 391.6840 394.2601 396.3046 397.9452 398.5434 399.1094 399.2496 399.7423 400.6240 401.5069 402.6557 404.1696 405.8372 407.4729 409.4472 412.0153 414.1875
430.6662 426.1381 421.2926 417.4915 414.1017 410.7119 407.5546 404.5298 401.3950 398.2520 395.1360 392.0649 388.9355 385.7097 382.4839 379.4031 376.9045 374.5129 372.0708 369.7493 367.5787 365.3773 363.0648 360.6635 358.4288 356.2587 354.0992 351.9417 349.7429 347.3131 344.7879 342.3995 340.2671 340.2000 340.0002 340.0001 345.9302 351.4825 356.4660 362.3684 369.1375 374.0909 379.1234 383.3019 387.3872 391.2581 394.1212 396.8935 399.1012 400.6743 401.5702 402.5232 402.7446 403.4333 404.4560 405.3669 406.1808 407.4530 408.8403 410.3798 412.0460 414.2886 416.6142
429.7068 425.1494 420.5517 417.0320 413.6570 410.2409 406.9976 403.7674 400.5948 397.6262 394.6667 391.5313 388.1664 384.7823 381.5156 378.7000 376.0033 373.2973 370.7735 368.6599 366.6150 364.5417 362.3907 360.2045 358.0251 355.8685 353.7336 351.5813 349.5231 346.6581 344.2386 341.7095 340.5000 340.4000 340.2218 346.2216 351.6557 356.1282 361.8388 368.9041 373.3333 378.0227 382.0411 385.8084 389.7484 393.4084 396.9032 399.3895 402.4020 404.1093 405.2592 406.1356 406.4003 407.1814 408.2560 409.2344 410.0034 410.8905 411.9918 413.5443 415.0577 416.8094 418.9384
428.8433 424.5365 420.0934 416.8440 413.6202 410.3879 407.1775 403.9640 400.7465 397.4519 394.1896 390.9272 387.3776 383.8214 380.3108 377.7552 375.2371 372.6632 370.0574 367.6707 365.4917 363.4756 361.4167 359.3388 357.2141 355.2563 353.1471 351.0137 349.0814 347.0055 343.9305 340.8554 340.7000 341.4589 347.1478 351.9150 356.3188 360.9211 368.1863 373.5128 376.9697 380.9251 384.5609 388.1656 392.2617 396.4257 399.9541 403.2102 405.8485 407.5978 408.9497 409.7472 410.0000 410.7921 411.8317 412.6093 413.4234 414.2170 415.2665 416.6918 418.2386 419.7283 421.2111
428.3819 424.4805 420.5261 417.1891 414.0076 410.7810 407.4277 404.0652 400.6075 396.7839 393.3740 389.9457 386.2621 382.6793 379.3594 376.7661 374.3023 371.8202 369.3439 366.9868 364.6567 362.4886 360.3170 358.2744 356.2397 354.1736 352.1109 350.2470 348.6179 346.9074 345.1825 343.0648 344.6618 349.6465 353.2099 356.8302 361.1559 367.4378 372.9310 378.0152 381.3351 383.6392 387.0227 390.8994 395.7264 400.1618 403.7500 407.2857 410.0615 411.4145 412.6087 413.1547 413.5014 414.2442 415.1909 415.8792 416.6997 417.5367 418.5804 419.8631 421.2287 422.3924 423.3936
428.3657 424.8703 421.3640 418.0905 414.8101 411.4873 408.0745 404.5309 400.8330 396.8547 392.7791 388.6838 384.8848 381.2609 378.3860 375.8474 373.3111 370.7851 368.2903 365.9267 363.4876 361.3348 359.4131 357.1320 355.0783 353.0769 351.0744 350.7000 349.9863 348.2758 348.8954 349.7740 353.1937 356.0265 359.3007 362.9197 367.9053 372.7778 377.4679 381.4706 384.5130 387.1490 389.7045 394.7300 399.9349 403.7565 407.4358 410.8982 413.3079 415.1132 416.2319 416.5468 417.0028 417.7079 418.6573 419.2349 419.9500 420.7587 421.6465 422.5027 423.9037 425.0099 425.0957
428.7520 425.4680 422.2226 418.9788 415.6104 412.1811 408.6578 404.9124 401.1584 397.0666 392.7327 388.3011 383.7028 379.7364 377.2548 374.8486 372.3038 369.7685 367.1499 364.6171 362.1245 359.8854 358.5242 356.8164 354.1757 351.8465 351.0000 350.9000 351.0000 349.7601 352.8931 356.3314 359.0298 362.1555 365.7823 369.7098 373.7305 377.9651 381.3421 384.2584 387.3029 390.4348 394.5124 398.9400 403.6248 407.4435 410.9624 414.4144 416.7854 418.5285 419.8551 419.9389 420.3313 420.8581 421.6704 422.2390 422.9215 423.7127 424.5783 425.0184 425.1494 425.2652 425.3766
429.1559 425.9344 422.6557 419.3430 415.9427 412.5757 409.0400 405.1535 401.2670 396.7609 391.8486 387.3098 382.5379 378.6531 375.8147 373.5627 371.1950 369.0107 366.3291 363.5961 360.8886 359.4700 357.7379 356.2158 353.8601 351.0937 351.5000 351.7945 354.6720 357.3333 360.4843 363.3181 366.4423 369.8005 371.7376 374.5650 378.7213 381.8463 384.3908 386.9318 389.9402 394.5960 398.6604 403.5577 408.3757 411.6902 414.6420 417.8531 420.2778 421.1665 422.0742 422.4484 422.9193 423.4402 424.1313 424.9945 425.0598 425.1166 425.1882 425.2459 425.3958 425.5101 425.4529
429.2279 425.9322 422.6365 419.3096 415.8575 412.4055 408.6697 404.6203 400.5032 395.5595 390.4962 385.7029 381.0103 377.7923 374.9041 372.0103 369.8201 367.7577 365.8390 363.4626 360.9225 359.2246 357.8407 356.2375 356.6404 353.8760 356.7157 359.5311 362.7078 365.7797 368.0872 370.3448 372.2393 374.1341 376.3696 379.1836 382.0727 384.9133 387.4882 389.9196 394.6465 399.1603 403.3962 408.1466 412.3741 415.7086 418.4896 420.7441 422.2381 423.1900 424.0767 424.6764 425.0287 425.0694 425.1192 425.1847 425.2570 425.3251 425.3966 425.4895 425.3884 425.2729 425.1432
428.9397 425.1259 421.8312 418.5204 415.1274 411.4467 407.2081 403.1093 398.7533 393.7811 388.9845 384.3750 379.7361 376.8035 373.9347 371.1157 368.6332 366.4468 364.4304 362.5703 360.4546 359.1812 357.8178 358.5813 359.3429 361.7734 364.6853 367.2442 370.3175 372.4461 374.1695 375.6285 377.1519 378.5019 380.4953 382.8157 385.3223 387.8303 391.1650 395.1330 399.6039 403.7159 407.9710 412.3438 415.9627 419.5703 421.4313 422.6994 424.0323 425.0532 425.3140 425.2732 425.2479 425.2448 425.3123 425.3719 425.4475 425.4774 425.3975 425.3166 425.1933 425.0788 424.5131
426.3006 422.4641 419.4343 415.7069 412.1429 409.4337 404.9790 400.6595 396.2019 391.6334 387.0661 382.6114 378.7683 375.8358 372.9107 370.0288 367.7099 365.3842 363.0735 361.0900 359.6811 358.8419 359.0673 359.8436 363.6388 367.2340 370.6159 372.6392 374.7667 377.1639 379.1895 380.6300 381.7350 382.6723 384.1264 386.2596 388.7816 391.9085 396.0727 400.3496 403.9952 407.9929 412.0638 416.4953 420.0333 422.0253 423.8434 424.9890 425.5369 425.6645 425.9596 425.5969 425.5935 425.4179 425.4841 425.4404 425.3649 425.2909 425.2119 425.1172 425.0025 423.4840 422.0928
421.4374 418.1212 415.1163 411.9032 408.6828 405.4396 401.7476 397.5426 393.3651 389.2627 385.2242 380.9358 377.7067 374.7979 371.8787 369.4297 367.6884 364.9429 362.1975 360.0003 359.7605 359.5346 359.9448 364.4933 368.9646 371.3563 373.3797 375.8092 378.4907 380.9156 382.4500 383.9538 385.6243 386.7949 387.8439 389.8261 393.3077 397.3406 401.0204 404.4514 408.2168 412.5764 416.8694 420.4855 422.8848 424.6104 426.3820 427.1797 427.1861 426.5038 426.5854 426.2426 425.9074 425.5325 425.3492 425.2762 425.1850 425.1043 425.0308 424.0343 422.4766 420.9730 419.4775
416.7950 413.6422 410.5454 407.9902 405.4231 402.4104 398.4124 394.2234 390.1859 386.7355 383.1189 379.3895 376.3474 373.3903 370.6547 368.8714 367.2972 364.9389 362.6820 360.7470 360.0002 360.0001 363.6219 369.0610 371.6993 373.5535 375.7937 378.1092 380.8230 383.1573 385.0822 386.8310 388.8312 390.6811 392.2019 394.3192 397.7674 401.7574 404.9108 408.2609 412.5279 417.4038 421.4073 424.6032 426.6280 428.3279 429.3096 429.4898 428.8353 428.1530 427.2056 426.3828 425.6928 425.4117 425.1834 425.1121 425.0194 423.8142 422.5436 421.2000 419.6396 417.6978 415.9487
