test.asc
NCOLS 165
NROWS 163
XLLCORNER 3550143.750000
YLLCORNER 5689493.750000
CELLSIZE 12.500000
NODATA_VALUE -99999.000000
[rows 112 to 139 of 163, columns 0 to 62 of 165]
476.9547 477.9836 479.0128 480.0413 481.0276 482.0139 482.9998 483.9838 484.9679 485.7546 486.5320 487.3045 488.0699 488.8312 489.5924 490.4003 491.4113 492.3395 493.2908 494.2122 495.0887 495.8386 496.5831 497.3065 497.9854 498.6291 499.3430 500.0403 500.3112 500.5457 500.2714 499.9691 499.0278 497.9585 496.9061 495.7629 494.4685 492.8281 491.1702 489.1304 486.1916 483.2348 480.2780 475.7224 471.2527 466.9873 463.6810 461.4035 459.4375 456.3234 455.0624 454.7651 455.0981 455.6358 456.2047 457.5050 458.7643 460.0128 460.3077 459.2236 457.6585 457.2351 456.6459
476.8158 477.8402 478.8566 479.8715 480.8570 481.8380 482.8188 483.8113 484.8085 485.6203 486.3812 487.1409 487.9007 488.6714 489.4491 490.2803 491.2042 492.1374 493.0697 493.9017 494.7338 495.4817 496.1954 496.8927 497.5583 498.2000 498.9443 499.6589 500.1144 500.2859 500.1308 499.6457 498.7926 497.7844 496.7552 495.7065 494.4164 492.8260 491.2357 489.3413 486.3473 483.4226 480.8297 477.1660 473.3008 469.8425 467.1053 465.1616 463.0529 460.0000 458.6454 458.6025 459.9720 461.0177 461.8640 462.9271 463.7736 464.1848 464.1538 462.6616 459.8574 458.4696 455.9669
476.6333 477.6433 478.6458 479.6482 480.6388 481.6208 482.6042 483.5947 484.5850 485.4412 486.2061 486.9710 487.7545 488.5573 489.3601 490.1821 491.0786 491.9760 492.8544 493.6208 494.3453 495.0678 495.7633 496.4572 497.0715 497.8034 498.5509 499.3374 499.8964 500.0090 499.7492 499.3250 498.5172 497.5131 496.5452 495.6161 494.3711 492.7987 491.2751 489.5847 486.9370 484.3495 482.0543 479.9256 476.7394 473.2230 470.8176 468.9984 465.8795 462.7021 461.0854 462.9965 465.0106 466.0270 467.2568 468.0396 468.4906 468.3569 467.8317 464.8925 460.9264 457.9755 455.2731
476.5252 477.5054 478.4789 479.4431 480.3854 481.3735 482.3542 483.3313 484.3317 485.2679 486.0749 486.8819 487.6888 488.4958 489.2949 490.1181 490.9868 491.7487 492.4723 493.2614 494.0027 494.7188 495.4073 496.0818 496.7566 497.4879 498.2659 499.0524 499.6125 499.7212 499.2397 499.2383 498.6204 497.5369 496.5294 495.5555 494.4083 493.0271 491.6841 490.2465 487.9405 485.5895 483.5752 481.7520 479.3206 476.6038 474.5247 472.6348 470.1110 467.4903 466.0652 468.1486 470.0468 470.7915 471.8484 472.4655 472.4176 471.3167 470.2773 466.5842 461.6973 457.8260 454.7525
476.5644 477.4723 478.3946 479.3588 480.2716 481.2774 482.2763 483.2186 484.1609 485.0871 485.8834 486.7044 487.5229 488.3399 489.1723 490.0168 490.8175 491.5529 492.2944 493.0384 493.7823 494.5324 495.2523 495.9217 496.5965 497.3104 498.1315 498.9703 499.5888 499.9203 499.8125 499.8153 499.0381 498.1504 497.1707 496.1570 495.1129 493.9060 492.4936 490.9611 489.1220 487.1911 485.1317 483.1451 481.4916 480.1597 478.3279 475.9801 472.7656 470.0000 470.6790 472.3879 473.8480 474.8092 475.7204 476.2321 475.7138 474.3813 471.8743 467.9131 461.9267 457.3707 453.9181
476.7389 477.6350 478.5291 479.4297 480.3578 481.2968 482.1974 483.0980 483.9986 484.8991 485.7448 486.5882 487.4317 488.2751 489.1186 489.9620 490.7261 491.4865 492.2496 493.0231 493.7966 494.5701 495.3191 495.9969 496.6568 497.3999 498.2330 499.0660 499.7740 500.0595 500.1709 500.1336 499.8683 498.9272 497.9455 496.8958 495.9333 495.0071 493.4688 491.9662 490.4981 488.6039 486.6797 485.0013 483.5381 482.2796 481.0315 478.6707 474.8102 473.3646 474.0741 476.0873 477.5976 478.8268 479.6039 479.8232 478.7331 476.4572 473.2367 469.1094 462.8702 457.6320 453.1558
476.7620 477.6614 478.5609 479.4603 480.3562 481.2466 482.1371 483.0275 483.9179 484.8083 485.6599 486.5009 487.3418 488.1828 489.0237 489.8687 490.6911 491.5093 492.3274 493.1455 493.9488 494.7200 495.4853 496.2294 496.9257 497.6970 498.5136 499.2911 500.0100 500.2022 500.3718 500.3678 500.1614 499.7428 498.7067 497.7133 496.6855 495.6583 494.5685 493.1862 491.6945 490.1704 488.5109 487.0505 485.6578 484.3744 482.6168 480.5100 478.3646 477.7451 478.4729 479.7862 481.0159 481.8560 482.1984 482.5187 480.9141 478.0858 473.8163 469.3380 463.5809 457.9845 452.8133
476.9084 477.7792 478.6797 479.5803 480.4698 481.3496 482.2253 483.0973 483.9693 484.8413 485.6897 486.5329 487.3206 488.1058 488.8909 489.6760 490.5173 491.3981 492.2789 493.1596 494.0404 494.9048 495.6533 496.3877 497.1594 497.9646 498.7697 499.5442 500.0996 500.3157 500.5208 500.5762 500.3416 500.1168 499.5179 498.4461 497.3576 496.3349 495.5031 494.4722 493.0106 491.6137 490.4251 489.0936 487.6559 486.0519 484.1341 482.0086 480.2214 481.0454 482.1171 482.8704 483.8464 484.5276 484.9009 484.5529 481.8274 478.9524 474.1905 469.3095 463.5554 458.2514 453.1015
477.0192 477.8627 478.7153 479.5833 480.4610 481.3475 482.2340 483.1206 484.0025 484.8837 485.6775 486.4580 487.2258 487.9853 488.7448 489.5043 490.3228 491.2520 492.1812 493.1103 494.0647 495.0212 495.7753 496.5283 497.3098 498.1853 498.9965 499.7919 500.1746 500.4473 500.7200 500.9254 500.7276 500.4773 500.1306 499.4149 498.2941 497.1067 496.2558 495.4615 494.3717 493.0577 492.0334 490.9174 489.6542 487.9870 486.0800 484.2293 483.8174 484.4701 485.3506 486.0266 486.6460 487.2076 487.5866 485.5370 482.5702 479.1397 474.3320 469.2405 462.9947 457.6453 453.2508
477.0409 477.9190 478.7919 479.6648 480.4843 481.3543 482.2390 483.1237 484.0085 484.8936 485.6612 486.4080 487.1549 487.9017 488.6486 489.3954 490.1869 491.1677 492.1485 493.1293 494.1412 495.1293 495.9034 496.6673 497.4483 498.3238 499.2021 500.0313 500.3999 500.7562 501.0382 501.3109 501.1312 500.8173 500.7061 500.4606 499.3533 498.3297 497.3458 496.4751 495.5797 494.6415 493.6665 492.5759 491.4254 490.2995 488.6936 487.4724 487.3488 488.0201 488.5891 489.1827 489.7788 490.0562 489.2792 486.4031 483.4254 479.6088 474.5979 469.4621 463.1523 457.9292 454.1053
476.9828 477.8508 478.7189 479.5869 480.5050 481.3885 482.2538 483.1385 484.0233 484.9469 485.6017 486.3432 487.0847 487.8263 488.5678 489.3093 490.0878 491.0887 492.0976 493.1138 494.1301 495.1107 495.8883 496.7166 497.5948 498.4359 499.3451 500.0848 500.4639 500.8431 501.2223 501.6014 501.6177 501.5064 501.3952 501.2839 500.5913 499.7570 498.7346 497.7386 496.8972 496.1266 495.3730 494.2534 493.1222 492.0279 490.9177 490.1010 490.5933 491.1519 491.5605 491.8743 492.0616 491.7446 490.4924 488.1587 484.6116 480.8158 475.8469 470.3853 465.0499 459.4786 455.6692
476.9403 477.8054 478.6704 479.5355 480.4253 481.3438 482.2927 483.1534 484.0621 484.8082 485.5606 486.3181 487.0756 487.8331 488.5906 489.3481 490.1389 491.1346 492.1303 493.1260 494.1217 495.1002 495.9894 496.8786 497.7599 498.5897 499.4194 500.1225 500.5038 500.8856 501.4091 502.1430 502.7007 502.5346 502.3685 502.2024 501.6860 500.8858 499.9093 499.1009 498.3882 497.6870 496.8149 495.8502 494.8838 493.7726 492.8376 492.3174 492.9023 493.6217 494.2070 494.4036 494.2490 493.0499 491.6410 489.9838 485.9220 481.8603 476.9778 471.6325 466.3998 461.2605 456.9590
477.1825 477.9850 478.8335 479.6820 480.5574 481.4489 482.3404 483.2776 484.0044 484.7977 485.6081 486.3385 487.0690 487.8125 488.5747 489.3369 490.1301 491.1305 492.1309 493.1345 494.1440 495.1464 496.1248 497.0406 497.9250 498.7548 499.5700 500.1638 500.5751 501.3091 502.0430 502.7769 503.4225 503.6582 503.4921 503.4828 502.8989 502.0327 501.3154 500.6003 499.9340 499.2435 498.3806 497.4789 496.5495 495.6465 494.7785 494.5436 495.2020 495.9354 496.3465 496.3250 495.5314 494.1996 492.4637 490.4022 486.7075 482.6761 478.3661 473.1955 467.9474 462.6842 457.9652
477.5718 478.5000 479.2309 480.0256 480.9418 481.8803 482.8188 483.7573 484.4778 485.1523 486.0106 486.8325 487.5526 488.2831 489.0135 489.7440 490.0001 491.0479 492.1173 493.1866 494.2560 495.2186 496.1816 497.1447 498.0902 498.8512 499.5711 500.4186 501.2090 501.9429 502.6768 503.4107 504.0966 504.5619 504.7264 504.6913 504.1117 503.3671 502.7606 502.1732 501.5769 500.8399 500.0097 499.1848 498.3537 497.6243 497.0775 497.3760 497.9082 498.2653 498.3059 498.0091 496.8819 495.2268 493.1447 490.8378 487.5174 483.6192 479.6196 474.3642 469.2516 464.1107 459.2136
477.8199 478.8341 479.7769 480.6197 481.4491 482.3705 483.2986 484.2371 485.0135 485.8439 486.6328 487.3698 488.1618 488.7666 489.4971 490.0002 490.2794 491.5535 492.7041 493.6076 494.5655 495.7159 496.8003 497.8339 498.7012 499.0370 499.6327 500.4572 501.3892 502.3353 503.3106 504.0446 504.7432 505.2485 505.6657 505.7138 505.2805 504.8608 504.3191 503.8248 503.2237 502.4961 501.8524 501.0752 500.3562 499.8990 499.8661 500.2669 500.4834 500.6060 500.3401 499.5962 498.2837 496.0040 493.6449 491.3084 488.3015 484.4413 480.5811 475.7303 470.7366 465.7786 460.8640
478.0983 479.1256 480.1151 481.0502 481.9852 482.8900 483.7727 484.7168 485.5995 486.4948 487.3710 488.1436 488.8718 489.4911 489.9807 490.6967 491.4679 492.4883 493.5309 494.5828 495.4918 496.5798 497.6847 498.7230 499.4095 499.6948 500.0671 501.1832 501.8131 502.7767 503.6667 504.5466 505.2464 505.7546 506.2629 506.6651 506.4160 506.1669 505.7957 505.4281 504.9049 504.3828 503.8504 503.0843 502.4237 502.0323 502.0316 502.3984 502.5061 502.5000 502.0382 501.0411 499.4557 496.8815 494.2524 491.8714 489.1603 485.4092 481.8448 477.6075 472.6461 467.7962 462.9705
478.3028 479.2684 480.3221 481.3103 482.2924 483.2358 484.1793 485.1363 486.1229 487.0577 487.9458 488.8566 489.6736 490.4546 491.1238 491.8927 492.7459 493.6957 494.7059 495.7587 496.6952 497.6689 498.6789 499.6121 500.2122 500.7869 501.4001 502.2334 502.9460 503.4657 504.2175 505.0774 506.0960 506.6947 507.2935 507.8343 507.7687 507.5281 507.3171 506.9457 506.4827 506.1685 505.7122 505.1296 504.4839 504.1582 504.1923 504.5282 504.6018 504.3940 503.5619 502.2343 500.3482 497.6947 494.9772 492.5703 490.1431 486.6288 482.9394 478.9181 473.9075 469.1739 465.0735
478.5965 479.4861 480.4247 481.4017 482.3787 483.3583 484.3425 485.3864 486.4488 487.4948 488.5028 489.4008 490.3562 491.3677 492.2809 492.9611 493.9102 494.9246 495.8314 496.8497 497.9060 498.8757 499.8471 500.6686 501.3696 502.0378 502.6764 503.4228 504.2646 504.7131 505.1544 506.1625 506.8503 507.8031 508.4018 508.9370 509.0843 508.9326 508.8415 508.5578 508.2128 507.8896 507.4166 507.1154 506.5425 506.2950 506.2616 506.4490 506.4147 505.9468 504.9579 503.2170 500.9054 498.3940 495.7297 493.2281 490.9044 487.6967 483.8645 480.0323 475.5050 471.2959 467.3977
479.1422 479.9246 480.8121 481.7740 482.6642 483.5766 484.5190 485.5909 486.7466 487.8305 488.9557 489.9355 491.0022 492.0592 493.1064 494.0551 494.9737 495.9142 496.8219 497.8369 498.9400 500.0372 500.9005 501.7366 502.4855 503.1974 503.9286 504.6895 505.5420 506.1804 506.7019 507.4687 508.1443 508.6928 509.5071 510.0310 510.2336 510.2778 510.2857 510.1464 509.9429 509.6369 509.2881 509.1012 508.7035 508.4391 508.2822 508.3104 508.1394 507.4764 506.2011 504.3681 501.9157 499.1756 496.5842 494.0255 491.5335 488.6646 484.9040 481.2024 476.9713 473.1573 469.4370
479.7138 480.5517 481.4008 482.2642 483.1544 484.0778 484.9519 486.0000 487.0867 488.2346 489.3918 490.4667 491.5307 492.6199 493.7072 494.8249 495.7921 496.6984 497.7134 498.7073 499.7936 500.9085 501.8959 502.7596 503.5665 504.3023 505.0859 505.9929 506.8654 507.6991 508.4279 509.0277 509.5676 509.9431 510.4531 511.0275 511.3300 511.4352 511.4762 511.3822 511.3004 511.0594 510.8400 510.6767 510.5522 510.3748 510.2480 510.0976 509.7499 508.8140 507.4966 505.6019 503.0769 500.3297 497.8986 495.2749 492.7109 490.0246 486.2458 482.3427 478.2529 474.5808 471.4969
480.3501 481.1942 482.0603 482.8975 483.7481 484.6204 485.5780 486.5875 487.6084 488.6620 489.7739 490.9692 492.0128 493.0630 494.1436 495.2831 496.3948 497.4946 498.4195 499.4420 500.5757 501.7478 502.7659 503.7411 504.6199 505.4213 506.2904 507.2433 508.2092 509.0385 509.8301 510.3950 510.7201 511.0238 511.4370 512.0125 512.4016 512.5565 512.6667 512.6153 512.6453 512.4321 512.1451 511.8985 511.8758 511.7530 511.6975 511.5395 511.1363 510.4013 508.7731 506.8797 504.6609 501.8804 499.3687 496.8750 494.2053 491.4774 488.1342 484.0940 479.7457 476.5605 473.5912
481.1658 481.8487 482.6976 483.5649 484.4117 485.2637 486.2438 487.2238 488.2305 489.2430 490.2939 491.4230 492.5958 493.6992 494.6091 495.7525 496.8666 498.0483 499.1187 500.1826 501.3235 502.5064 503.7043 504.6846 505.5890 506.5424 507.4635 508.4255 509.4324 510.2133 510.6725 511.1710 511.6798 512.0038 512.4349 512.9376 513.4363 513.6574 513.8171 513.8483 513.9885 513.8157 513.4792 513.1278 513.0952 513.1615 513.1532 512.9434 512.3802 511.4575 510.2166 508.2519 505.8595 503.3761 501.0179 498.5095 495.8419 493.2634 490.4900 486.6002 482.2730 478.6960 475.6982
482.0253 482.6813 483.3568 484.2010 485.0772 486.0775 486.9925 487.9299 488.9020 489.8742 490.9096 492.0192 493.1411 494.2786 495.4338 496.3892 497.5173 498.6513 499.7547 500.8792 502.0244 503.2135 504.4253 505.5535 506.4731 507.4441 508.4548 509.5056 510.3121 510.8900 511.3938 511.8926 512.4350 512.9641 513.4346 513.9462 514.4597 514.7584 514.9633 515.0361 515.0120 515.0000 514.6609 514.3705 514.3145 514.5934 514.6088 514.2964 513.7455 512.6367 511.3036 509.5462 507.1115 504.6583 502.4146 500.2741 497.8422 495.0575 492.3339 489.5642 485.2058 481.0647 477.7461
482.7768 483.5457 484.1419 484.8650 485.8184 486.8173 487.8231 488.7513 489.6160 490.4307 491.5425 492.5988 493.6830 494.8137 495.9866 497.1342 498.2656 499.3257 500.4755 501.6577 502.7992 503.8441 505.0025 506.1174 507.2364 508.2282 509.2967 510.2284 510.9054 511.5007 512.0915 512.6038 513.1510 513.7473 514.2955 514.8961 515.1909 515.3691 515.4836 515.5838 515.6843 515.6263 515.5081 515.2983 515.3346 515.5242 515.4846 515.2847 515.0275 513.9744 512.4937 510.5812 508.2671 505.9622 503.7800 501.7257 499.3841 496.6108 493.7723 491.0436 487.3465 483.5337 479.8889
483.7664 484.4070 485.0309 485.6673 486.5286 487.5209 488.5629 489.5626 490.5154 491.3562 492.2254 493.2214 494.2958 495.3792 496.5640 497.7083 498.8705 500.0104 501.2393 502.4246 503.6056 504.7297 505.6429 506.6874 507.7797 508.8788 509.9780 510.7125 511.4178 512.1001 512.6978 513.2930 513.8459 514.4301 515.0361 515.3294 515.6012 515.8271 515.9743 516.1159 516.1964 516.2986 516.2221 516.1583 516.0989 516.2399 516.0964 515.8378 515.4877 515.1758 513.7053 511.6082 509.5529 507.3579 504.9901 502.5681 500.0344 497.4276 494.7708 492.1777 489.0829 485.5319 482.1710
484.8093 485.3732 485.9925 486.6355 487.3316 488.2075 489.2019 490.2673 491.3533 492.2924 493.1451 494.0201 494.9897 496.0408 497.1595 498.3159 499.5243 500.6774 501.8673 503.1297 504.3517 505.4604 506.4104 507.4286 508.3961 509.4590 510.4059 511.1814 511.8885 512.6044 513.2947 513.8969 514.4945 515.0452 515.3539 515.6735 515.9638 516.2461 516.4489 516.5930 516.7065 516.9708 516.9128 516.8517 516.8631 516.9041 516.6480 516.3480 516.2689 515.7902 514.9088 512.8089 510.7964 508.5984 506.2226 503.7828 501.2749 498.8152 496.1263 493.4445 490.6658 487.6003 484.5251
485.7737 486.3500 486.8789 487.5701 488.2639 489.0153 489.8906 491.0887 492.1046 493.1612 494.0667 494.9335 495.7814 496.7046 497.7221 498.8529 500.0287 501.2462 502.4612 503.6898 504.9253 506.0203 507.0268 508.0309 509.0760 510.1040 510.8362 511.6316 512.3785 513.0895 513.7856 514.4888 515.0499 515.3614 515.6828 515.9921 516.3108 516.6069 516.8876 517.0564 517.2487 517.4520 517.5851 517.5452 517.6285 517.4631 517.3840 517.3050 517.1134 516.3201 515.4348 513.7451 511.7884 509.8468 507.4611 504.9293 502.4708 500.3097 497.5887 494.9117 492.1783 490.0143 486.9598
486.6703 487.3020 487.8418 488.3898 489.1476 489.8922 490.8674 492.0120 493.1619 494.0583 494.9854 495.7281 496.5164 497.4638 498.3859 499.4198 500.5569 501.7557 502.9940 504.1901 505.3792 506.5098 507.5195 508.5853 509.5976 510.4901 511.3244 512.0885 512.8563 513.6080 514.3175 514.9669 515.3408 515.6729 515.9844 516.3204 516.6303 516.9481 517.2563 517.5239 517.7147 517.9087 518.2512 518.2386 518.4014 518.4201 518.3410 518.2620 517.6777 516.9714 515.8541 514.4478 512.5679 510.7161 508.4247 505.9406 503.6178 501.3274 498.6407 496.1662 493.6394 491.4655 488.7769
