test.asc
NCOLS 165
NROWS 163
XLLCORNER 3550143.750000
YLLCORNER 5689493.750000
CELLSIZE 12.500000
NODATA_VALUE -99999.000000
[rows 0 to 27 of 163, columns 63 to 125 of 165]
383.7354 384.9296 385.5250 385.7244 385.3550 385.3586 385.3144 385.3997 385.8969 386.3131 387.0500 388.0116 388.8394 388.9890 388.2107 387.0692 384.3083 382.2488 380.7155 378.1561 374.8222 372.5813 370.2526 367.6802 365.2139 362.2243 358.6981 355.3741 352.4381 349.6707 348.1511 347.3603 346.0351 344.5302 343.0623 341.3599 339.8240 338.4026 336.8704 335.1646 333.5685 332.2957 331.3096 330.4388 329.2314 327.4427 325.2839 322.4727 319.8589 316.9496 314.0050 310.8770 307.8063 304.2047 301.1527 298.7302 297.0439 295.2381 293.0669 290.8889 289.2390 287.2705 285.2028
386.8608 388.1562 388.7711 389.0251 389.1286 389.1537 388.9975 388.8794 389.0370 389.3827 389.9255 390.3899 390.8033 390.7437 390.1145 387.8293 384.1011 381.1906 379.3163 373.7975 369.6814 368.1333 366.0906 363.5756 361.1740 358.6855 355.3801 352.2073 349.2887 346.7747 344.6136 343.3117 341.8554 340.3922 339.1783 337.8042 336.4834 335.1508 333.6850 332.1317 330.4969 329.1408 327.9696 326.7305 325.2524 323.5760 321.4904 318.7448 315.7171 312.8024 310.1064 307.0085 303.9773 300.8202 297.9520 295.8297 293.8437 292.0329 290.0989 287.6087 285.5551 283.7152 281.4565
389.7905 391.2685 391.9735 392.2559 392.3821 392.3718 392.2798 392.1475 392.1799 392.2989 391.5964 391.7389 392.1259 391.6882 390.6644 388.2449 384.1633 380.1657 375.1087 369.8123 366.4210 363.9344 361.8880 359.4642 356.9561 354.4479 351.3857 348.7322 346.2234 343.5938 341.3047 339.5818 338.0757 336.7618 335.4961 334.3094 333.1947 331.8283 330.3915 329.0145 327.2903 325.7112 324.3952 323.3696 321.4590 319.6497 317.9462 315.4842 312.0847 308.9678 306.3957 303.3745 299.9785 297.7941 295.4916 293.0081 290.8171 288.7346 286.5690 284.3299 282.1739 280.2373 278.4369
392.4595 394.2055 395.1278 395.3760 395.4638 395.4401 395.4819 395.3151 395.3241 395.1289 394.2980 393.4672 393.2620 392.0066 390.6358 387.0510 381.9811 376.7869 371.0920 366.6109 362.8504 359.9308 357.6695 355.1916 352.6242 350.0941 347.9116 345.7420 343.1043 340.4951 338.1067 336.2281 334.6667 333.2584 331.9122 330.7671 329.7761 328.4000 326.8615 325.4344 323.9890 322.4516 320.9565 319.8009 318.2023 316.2217 314.3785 312.0305 309.1313 306.1809 303.4681 300.5460 297.3210 294.8821 292.4781 290.1821 287.7617 285.5345 283.1466 280.8159 279.0013 277.1945 275.1719
395.0451 396.9876 398.2150 398.4922 398.5366 398.5612 398.6840 398.4845 398.4012 397.8305 396.9997 395.8068 393.1199 391.5329 390.1193 384.9367 379.5163 373.2130 367.7063 363.3224 359.3938 356.3467 353.4672 350.8773 348.7209 346.9672 344.8729 342.8228 340.4162 337.6820 335.3028 333.1460 331.2546 329.7912 328.5815 327.3439 326.2406 324.8423 323.3038 321.8444 320.6111 319.1830 317.6450 316.2979 314.9734 313.1176 310.9474 308.6971 306.1920 303.3197 300.6319 297.9055 294.8133 291.9977 289.5779 287.2192 284.7853 282.3504 279.9842 278.0419 276.3467 274.4906 272.2926
397.3598 399.5860 400.9690 401.3891 401.4445 401.4615 401.5851 401.2666 400.9142 400.0001 398.8523 396.4516 393.6192 391.0591 388.4615 382.7890 376.3573 369.6638 364.6281 359.8629 356.7523 353.4559 350.1852 347.6847 345.6599 343.8616 341.8044 339.7349 337.6683 335.1764 332.5208 330.2179 328.4445 326.9560 325.6786 324.1486 322.8427 321.2933 319.7607 318.2384 316.9732 315.7791 314.4586 312.9651 311.6018 309.9368 307.9498 305.6699 303.1818 300.3622 297.7341 295.0820 292.1202 289.2550 286.8486 284.4020 281.8716 279.7637 278.2685 275.6274 273.7169 271.8330 271.0000
399.6253 401.7645 403.3794 404.0708 404.2222 404.1730 403.8711 403.6735 402.7983 401.2787 400.0002 397.1640 394.2701 391.3288 386.4129 380.5018 372.7635 366.8612 361.7321 357.4633 354.2345 350.9530 347.9563 345.2221 342.7586 340.7267 338.9131 336.8819 334.9667 332.6035 329.9775 327.8937 326.0245 324.1819 322.7002 321.0539 319.6799 318.1206 316.4068 314.7151 313.3412 312.2828 311.2638 309.7083 308.2536 306.6815 304.7917 302.6737 300.2873 297.7436 295.1626 292.4471 289.5447 286.9384 284.3767 281.7540 279.7430 278.6250 277.6848 273.3283 271.2706 271.4000 270.5000
401.6702 403.7483 405.5795 406.7525 407.0000 406.8845 406.2578 405.4420 404.2275 402.7079 400.6701 397.6590 394.0533 390.3550 384.2538 377.1657 369.1705 364.3816 359.5977 355.4286 351.7386 348.7079 345.8795 343.2436 340.3836 338.0180 336.2240 334.3186 332.0998 329.9818 327.9525 325.8307 323.7637 321.8105 319.9543 318.2585 316.4536 314.9861 313.5007 311.5990 309.7752 308.7927 307.7745 306.4630 305.1945 303.5081 301.6408 299.6109 297.4370 295.1070 292.5960 290.0224 287.2107 284.9018 282.2921 279.8820 279.2136 277.9331 276.5143 272.9515 271.2386 271.2372 272.7796
403.4978 405.8483 407.8133 409.2419 409.7778 409.4014 408.4428 407.1764 405.4569 403.6143 400.9831 397.3174 393.2593 388.6566 382.0487 373.8922 366.9643 362.0140 357.4561 353.1472 349.3435 346.4585 343.5714 340.9518 338.4892 335.6750 333.5233 331.6667 329.6956 327.6959 325.8326 323.7177 321.6375 319.5821 317.5425 315.7686 313.6870 311.7698 310.4498 308.9461 307.2553 306.0025 304.6591 303.2059 301.9667 300.3735 298.7285 296.9293 294.7471 292.2519 289.9061 287.4026 284.8398 282.3356 280.2429 279.3782 278.6702 277.7503 276.6078 275.6087 273.0880 274.3634 275.7123
405.2057 407.7031 409.9647 410.9268 411.3227 410.9384 410.0688 408.5504 406.4857 403.7990 401.2792 397.3391 392.7436 387.1518 379.6840 370.0000 365.0739 359.8898 355.7010 351.5715 347.4683 344.3755 341.4017 338.6238 336.2400 333.6945 331.1165 329.1022 327.2382 325.4884 323.6023 321.6328 319.4915 317.4689 315.3744 313.2911 311.2133 309.2077 308.0364 306.7761 305.0654 303.2480 301.6774 299.9424 298.8060 297.7781 296.0267 294.2721 292.2275 289.8545 287.5188 285.1274 282.2100 279.8640 279.2912 278.8524 278.1656 278.3007 278.2189 278.0479 276.5151 277.5818 279.0132
406.9903 409.5980 411.0468 412.2224 412.7603 412.0767 411.1309 410.0678 407.5843 404.8281 401.7538 397.6060 392.5513 385.8028 377.4783 369.0380 363.7375 358.7920 354.5385 350.3056 346.2890 342.8046 339.5504 336.8253 334.1047 331.5733 328.9991 326.7245 324.7382 322.8883 321.2733 319.4577 317.3453 315.4213 313.3420 311.1790 309.1506 307.2812 305.6796 304.4432 303.0005 301.1314 299.3157 297.7853 296.4224 295.2735 293.6393 291.7029 289.7018 287.3367 285.2473 283.1328 280.4418 279.3634 278.8773 278.8170 278.9506 279.1668 279.3867 279.4169 279.9423 280.7619 281.6920
409.2592 410.8970 412.1043 413.3000 414.0845 412.9510 411.7902 410.6294 408.9427 405.5540 402.1754 398.0759 392.2740 384.5778 375.9514 368.3925 362.8492 357.8071 353.4038 349.0780 345.1021 341.1454 337.9982 335.2455 332.5351 329.7691 327.1291 324.6402 322.3750 320.3843 318.7021 317.0139 314.9381 313.0571 311.4095 309.2512 307.2335 305.4127 303.7261 302.3182 300.8060 299.2092 297.4988 295.8205 294.2112 292.8358 291.3016 289.5336 288.0410 284.8471 282.3116 280.6402 279.9600 279.5000 279.6408 279.6695 279.7997 279.9951 280.7230 281.5115 282.5176 283.3387 284.1409
410.9442 412.3074 413.6175 414.9275 415.2409 413.6441 412.1952 411.1049 409.8375 406.5127 402.7869 398.3165 391.8088 383.2282 374.8947 367.7927 361.8465 356.9781 352.5082 348.2049 344.1239 340.0641 337.1133 334.3245 331.5392 328.6587 325.8223 323.2035 320.5225 318.6397 316.6408 314.8470 312.8408 310.5188 308.9655 307.4388 305.2973 303.3686 301.7485 300.2014 299.1746 297.5773 295.7097 294.0113 292.3261 290.6371 289.5417 288.0527 286.6983 283.4089 280.1341 280.0000 279.7000 280.6348 281.1246 281.4527 281.8521 282.3700 283.2401 284.1128 285.0189 285.9091 286.7155
412.5193 414.0978 415.4079 416.7179 416.5594 414.9626 413.3658 411.7690 410.2285 407.0564 403.3897 398.8990 391.3575 383.0197 374.9959 367.8248 361.6973 356.6161 351.8768 347.5782 343.5686 339.5934 336.2312 333.1964 330.4465 327.6886 324.8228 322.0243 319.4034 317.1792 315.1444 313.0949 311.0891 309.0822 307.3737 305.4420 303.5412 301.3473 299.7692 298.9316 297.9048 296.3456 293.7565 292.2102 290.5237 289.3513 288.4028 286.9910 285.9852 284.0195 281.8304 281.0474 281.5211 282.6951 283.4677 283.8343 284.2793 284.7805 285.6114 286.5827 287.5710 288.4794 289.2911
414.1230 415.7260 417.1982 418.2356 417.8778 416.2811 414.6843 413.1578 411.0880 408.0744 404.1488 399.4532 391.6813 383.6905 375.8176 368.3161 361.8394 356.5511 351.7341 347.2812 343.0331 339.0205 335.6118 332.2343 329.0660 326.2677 323.7271 320.8786 318.6733 316.1693 313.8499 311.6707 309.6629 307.8594 305.7609 304.0176 302.0011 299.8000 298.8331 297.9897 296.7317 295.1139 292.5247 290.2300 290.0000 289.4002 288.6043 288.0786 287.2049 285.8582 283.6915 282.9195 283.5777 284.7916 285.7271 286.2012 286.7065 287.1911 287.9985 289.0676 290.1370 290.9949 291.7641
415.8946 417.7142 418.9674 419.6055 419.1963 417.6550 416.0743 414.1754 411.9628 409.4027 405.0208 400.3976 393.3811 385.4483 377.0866 369.1085 362.4057 356.9668 352.1104 347.4572 342.9486 338.6165 335.2586 331.8965 328.6213 325.4651 322.4469 319.8231 317.9401 315.6377 313.1338 310.6298 308.5625 306.7442 304.6726 302.5742 300.6090 298.9710 298.2142 297.9551 297.1494 296.1963 293.7107 291.2481 290.7803 289.9087 289.6895 289.3416 288.4166 287.0699 285.5526 285.2117 285.8699 286.7561 287.8417 288.5204 289.0973 289.6030 290.3744 291.4815 292.5898 293.4896 294.2000
418.1720 419.6885 420.6304 420.9564 420.4185 419.1462 417.2582 414.9789 412.8190 410.2516 405.8973 401.4103 395.4471 388.1896 379.4439 371.0594 364.3956 358.2422 353.4577 348.3254 343.3132 338.8997 335.6288 332.3021 329.0558 325.8976 322.6428 319.5603 317.4290 315.2604 312.8105 310.3737 308.3731 306.7574 304.7395 302.1960 300.0000 299.5747 299.3983 299.1190 298.5823 298.1489 295.8305 295.0769 294.5187 293.4576 292.3568 290.9848 289.6270 288.1808 286.7625 287.3528 288.1621 288.8203 289.9701 291.1562 291.9751 292.6080 293.2537 294.0772 295.1042 296.0518 296.6359
420.4015 421.0823 421.8220 422.1534 421.2115 420.2536 418.4031 415.9716 413.4926 410.8060 406.8972 402.5353 397.6177 391.6036 383.5470 374.7339 367.0357 360.2669 355.3352 350.3851 345.4236 340.0366 336.7302 333.4908 330.0506 326.8578 323.9185 321.1151 319.0724 317.6701 314.9278 312.3626 309.8013 308.6044 307.0652 304.5218 303.3692 302.5251 301.9112 301.0289 300.2653 299.7137 298.9760 298.9164 298.2656 296.4517 294.8872 292.8296 290.5632 288.8363 288.6910 289.1544 289.9542 291.1603 292.8370 294.2932 295.1687 295.7280 296.3174 296.8993 297.6543 298.5692 299.0400
422.1117 422.5506 423.2792 422.6521 421.5349 420.6746 419.4319 416.6926 413.9533 411.1510 407.5059 403.5938 400.0595 394.3257 387.5489 378.9093 370.1207 363.8837 358.3254 353.2971 348.4733 343.3291 338.9200 335.5022 332.3386 328.7590 326.0887 323.8401 321.8241 319.7693 317.6371 315.2566 313.1282 311.0497 309.3910 308.0084 307.1417 306.5352 305.8399 305.2806 304.4651 303.4149 301.5856 301.4939 300.5518 298.4615 296.0577 293.6354 291.1038 290.0000 289.9038 291.1973 292.5377 293.7254 295.6875 297.2807 298.3623 298.8903 299.3786 299.7362 300.2359 300.7577 300.9973
424.0837 424.2657 424.2930 423.1890 422.0093 420.8297 419.9766 417.0457 414.1149 411.3996 408.2335 404.6755 401.1056 396.3824 391.2353 382.9646 374.8448 368.9975 362.9930 357.1429 352.5424 347.8125 342.5000 338.5986 335.5612 331.8182 329.0732 327.4669 325.5701 323.6966 321.1302 318.8500 317.1480 315.4225 313.6945 312.4384 311.3981 310.5641 309.8074 309.5323 308.5592 306.9526 305.0412 302.9681 301.0127 299.1721 296.7289 294.2858 291.8426 290.8257 292.0342 293.5481 295.0000 296.5385 298.2549 300.1724 301.1375 301.5589 301.7781 301.8292 302.2215 302.4963 302.6765
425.1694 425.1372 424.8984 423.6281 422.3577 421.0874 419.6006 416.8266 414.0744 411.3244 408.5591 404.7787 400.8967 396.4081 391.5608 385.6314 379.5302 373.8698 369.0244 361.5785 357.3454 352.9971 348.5593 343.8199 339.9351 336.7760 334.4114 332.0576 329.7041 327.8689 325.6074 323.6888 321.6291 319.9695 318.7353 317.2935 315.4473 313.7816 311.9493 311.6335 310.4443 308.6454 305.8158 303.0463 300.7704 299.1941 297.7859 295.3428 293.4117 293.4056 294.1479 295.6964 297.2627 298.8695 300.7697 302.9461 303.6691 303.9354 303.9950 303.7430 304.3596 304.4268 304.1653
425.4807 425.1824 424.2972 422.8231 421.7877 420.6399 418.6197 415.7683 413.1821 410.6262 407.2577 403.5294 399.7309 395.3094 390.7392 385.9991 380.9445 376.2909 371.8043 366.6276 362.4795 359.1617 354.3478 350.3776 345.6474 342.2485 340.2520 338.0668 335.7545 332.9057 330.9528 328.7320 326.3910 323.9844 322.3553 321.0488 319.2805 316.9029 314.3605 312.3885 310.8891 308.8757 306.1270 303.3660 300.5965 298.9680 297.6324 296.2968 295.9916 295.9855 295.9795 297.7455 299.4317 301.5147 303.8528 305.4637 305.9353 306.0162 305.8973 305.4440 305.5882 305.4620 305.2514
425.3956 424.7350 423.2530 421.7969 420.7686 419.3338 416.8391 414.2862 411.5633 408.6657 405.4024 401.8931 397.6471 393.1845 388.9717 384.7264 380.2006 376.1603 372.0584 367.6839 364.8077 361.5920 359.7653 353.8967 350.8366 346.9031 343.9024 342.1349 340.0000 336.2337 333.8695 331.6693 329.7391 326.6826 324.9958 322.8158 320.4837 317.9744 315.1074 312.2405 310.6119 308.3218 305.5068 302.7946 300.4631 299.3169 298.1733 297.3817 297.5824 298.2706 298.5594 299.5668 301.9573 304.5789 306.1444 307.2403 307.8599 307.8571 307.4517 306.7752 306.5401 306.2444 305.5913
425.0114 423.1892 421.5668 420.3485 418.4944 416.6207 414.6043 412.1606 409.6320 406.4323 403.4083 400.1168 395.1850 390.4604 386.7282 382.9174 379.0109 375.1421 371.2442 367.9504 365.2756 362.1381 359.8036 356.5710 352.8255 349.3903 346.5408 343.9056 341.1032 338.0117 335.9200 333.4193 330.9187 328.4710 326.0128 323.5546 321.0964 318.4929 315.7726 312.9962 310.3148 307.7563 304.9313 302.7778 300.4632 299.3131 298.6344 298.7039 298.7829 299.1848 299.8017 301.8084 304.5833 306.6837 308.4731 309.4200 309.7504 309.4919 308.9489 308.2056 306.8011 306.0211 305.3144
422.8620 421.2426 419.6305 417.5388 415.5198 413.2636 411.6793 409.7522 406.6754 403.6963 400.7692 396.8213 392.1245 387.8600 384.2198 380.5717 377.0660 373.4642 369.7024 366.7416 363.9574 361.2231 358.5784 355.6187 352.5925 349.4978 346.7241 343.9504 341.1848 338.4688 335.9908 333.4827 330.9219 328.4055 325.9747 323.5440 321.0871 318.4418 315.6493 312.8568 310.1055 307.4426 304.7414 302.6315 300.5931 299.8582 299.4346 299.7460 299.9889 300.7632 302.2379 304.2393 306.5000 308.8333 310.1952 310.4913 310.6518 310.7567 309.9732 308.2772 306.5615 305.6332 304.8890
420.5268 418.6192 416.5417 414.3113 412.5135 410.4287 408.0942 405.8991 403.2125 400.4337 397.0460 393.0952 388.8900 385.1170 381.5236 378.0822 374.7382 371.3611 368.1918 365.2270 362.2619 359.4845 356.8679 354.0850 351.1620 348.4484 345.9340 343.3849 340.8055 338.0680 335.3469 332.6361 330.2304 327.9070 325.5116 323.0383 320.5650 317.9400 315.2115 312.4829 309.7625 307.1240 304.6275 302.9784 301.3293 300.2544 300.6255 301.3148 301.9627 302.8997 304.5284 306.3037 308.3981 310.2019 310.7903 310.6775 310.5439 310.3774 309.3453 307.9956 306.4568 305.1035 303.7874
417.5297 415.4812 413.4027 411.2481 409.1727 406.8160 403.9723 401.8554 399.3628 396.3053 392.8389 389.2010 385.5475 381.8919 378.4454 375.1852 371.9965 368.8984 366.1376 363.2304 360.4144 357.6702 354.9932 352.3969 349.6740 347.1025 344.5036 342.1404 339.6676 337.0760 334.4265 331.7817 329.2073 326.7970 324.4293 322.0930 319.7474 317.4078 314.7981 312.1413 309.5255 307.0793 304.8957 304.0313 302.4149 302.1971 302.3178 303.0985 303.8648 304.9230 305.5435 307.5511 309.6046 310.3694 310.7562 310.3402 310.0522 309.0755 308.0082 306.6941 305.3593 303.8628 302.4438
414.3272 412.3291 410.2510 407.9011 405.1955 402.7866 400.2363 397.6309 395.0769 392.2579 389.1156 385.5271 382.0050 378.4310 375.2946 372.1602 369.1489 366.4044 363.6508 360.9423 358.3456 355.7220 353.1006 350.4712 347.9902 345.5392 342.9777 340.5239 338.1858 335.7391 333.2116 330.6218 328.2691 325.9532 323.5411 321.0474 318.7524 316.5422 314.1326 311.7734 309.2909 307.1083 305.0913 304.1769 303.8219 304.1619 304.1422 304.8318 305.1079 305.4825 306.2669 307.7723 310.0000 310.2885 310.4962 310.0793 308.8964 307.6935 306.4811 305.2419 303.8462 302.3158 300.9354
