test.asc
NCOLS 165
NROWS 163
XLLCORNER 3550143.750000
YLLCORNER 5689493.750000
CELLSIZE 12.500000
NODATA_VALUE -99999.000000
[rows 112 to 139 of 163, columns 63 to 125 of 165]
454.2550 452.0542 450.0867 446.8333 443.4082 439.9634 436.1014 432.2475 428.5487 425.0941 422.4031 420.0995 417.4010 414.2836 410.7202 405.9211 400.9868 397.4006 393.8575 389.9442 386.1548 382.2979 378.3119 374.2926 370.3251 363.4029 357.0608 351.6141 347.2102 343.1716 339.1080 335.1766 331.1817 328.2873 326.8789 327.4950 333.2363 340.1502 343.6500 344.4266 343.8236 347.9442 351.8267 356.9714 361.3260 365.2648 369.2478 372.6835 375.1488 375.8874 375.2179 374.0597 372.6722 371.5768 370.3827 369.0937 368.0465 368.1276 369.0522 369.8387 370.9870 372.5281 375.1515
453.2967 451.0507 448.5532 445.2748 442.0150 438.5016 434.6963 430.8235 426.2686 422.5000 419.6529 417.1174 414.5990 412.0257 408.7923 403.8686 399.0372 395.8305 392.5767 388.9356 385.1719 381.3766 377.6979 374.0430 370.1999 363.5946 357.4872 352.3800 347.6330 343.2003 338.9989 335.0171 331.0353 331.0000 330.0000 330.9957 337.5368 343.7662 347.5013 348.9213 348.0526 348.4720 352.4560 358.4769 362.9636 366.9449 370.9214 374.4187 377.3376 378.5441 378.3114 377.6549 376.3472 375.3982 374.3361 373.1779 372.0513 372.3077 372.9278 373.4404 374.4193 375.8912 377.8652
452.5708 450.0126 446.8978 443.8125 440.6629 436.9693 433.1967 429.3216 424.4776 419.7860 416.8927 414.3907 411.5963 408.8218 405.6040 401.0618 397.8484 394.8108 391.5174 387.8229 383.9074 380.0514 376.7797 373.5252 369.8750 363.6250 357.8974 352.8049 347.9562 343.3942 338.8413 334.5548 330.2740 330.1000 332.0000 336.0897 342.3424 347.6211 351.7470 353.4529 351.3429 350.9970 354.5804 359.7916 364.6649 368.8417 373.1331 377.2290 380.1879 381.2034 381.4071 381.1311 380.1236 379.4064 378.5260 377.2956 376.2180 376.2816 376.6350 376.9748 377.8640 379.2900 381.3578
451.6791 448.3510 444.9893 441.9836 438.9519 435.2239 431.5551 427.3474 422.8089 418.3607 414.7902 411.9318 408.8924 405.3973 401.7673 399.0672 396.3976 393.5414 390.5878 386.8040 382.8514 378.7917 375.6875 372.5625 368.9440 363.7029 358.4435 353.1130 348.2044 343.8306 339.2289 334.4511 330.2000 330.4000 334.1608 340.4310 346.1153 351.7250 356.0093 358.0473 356.8343 355.3339 356.4547 360.8491 365.5980 370.4502 375.4820 379.9949 382.1030 383.6466 384.2964 384.5062 383.9861 383.4267 382.5769 381.3769 380.4087 380.3227 380.3773 380.6667 381.9195 383.7101 385.7676
450.6287 446.8153 443.2248 439.7824 436.6225 433.2603 429.5152 425.1268 421.7626 417.9895 413.2367 410.0000 406.2479 402.7488 399.2692 396.8214 394.7318 392.2362 389.4005 385.6230 381.8110 377.7500 373.5833 370.2903 367.7178 363.4046 358.9723 353.9663 349.1033 344.1071 339.4045 334.6786 331.0000 331.5461 338.2192 344.1940 349.7148 355.2830 360.4173 362.3916 361.9576 359.3192 360.0000 362.4611 366.5640 371.4239 376.9214 381.1224 383.6391 385.6833 387.0607 387.8441 387.8486 387.4424 386.5254 385.4982 384.8365 384.7368 384.9512 385.4647 386.7332 388.4721 390.4080
449.2465 445.2022 441.1579 437.5531 434.3311 431.0068 426.8036 422.4015 418.9476 416.0140 412.5574 408.3127 404.3336 400.4628 397.4401 394.8889 392.5683 390.3907 387.1165 383.3362 379.9365 376.1961 372.2745 368.7802 365.8759 362.9717 359.6268 354.6750 349.5797 343.7420 338.2089 333.2122 331.0010 335.0231 341.4316 347.3848 353.1473 358.8263 363.4791 366.0353 365.6943 364.2516 363.6795 365.3296 368.8655 373.0732 379.1707 382.4715 384.9741 387.2315 389.1840 390.7132 391.5973 391.5217 390.7393 389.8007 389.2700 389.1228 389.4839 390.2592 391.3912 393.0737 394.8498
448.0832 444.0094 439.9085 436.1281 432.5730 428.7198 424.1835 419.6504 416.5500 413.8341 410.7692 406.5816 402.3273 398.6089 395.5028 392.7107 390.3168 387.4117 384.1898 380.7062 377.9424 374.9065 371.6335 368.3354 365.4388 362.5520 359.3654 354.1253 348.7097 342.9714 338.5521 335.1176 332.7528 338.7260 344.4217 350.7370 356.8436 362.1904 366.5932 370.0383 370.5042 369.4035 368.4837 368.9773 372.2537 375.8397 380.1978 383.4352 386.1842 388.8863 391.5135 393.8827 395.2531 395.7023 395.3018 394.8535 394.1984 394.0000 393.9273 394.6931 395.8749 397.5590 399.2341
448.2366 443.8059 439.5446 435.5870 431.5385 427.1296 422.5250 418.2353 414.4056 411.3270 408.2076 404.5693 400.0944 396.5846 393.5923 390.5631 387.6092 384.5818 381.4627 378.4411 376.0181 373.3966 370.5089 367.5727 364.6486 361.7201 357.7866 352.2682 347.0968 342.0258 338.3077 337.1722 338.8283 342.0264 347.1446 353.6992 360.4540 365.3369 370.0150 372.7350 374.1848 374.0936 373.5104 373.4815 375.3965 379.1089 382.1533 384.8039 387.8318 390.9088 394.0628 396.7442 398.8856 400.0306 400.2849 399.9949 399.2260 398.9585 398.6538 399.1297 400.4227 402.0678 403.0791
448.9648 444.0820 439.2210 434.7615 430.4977 426.3255 422.1350 417.9186 413.6795 409.4511 405.3905 401.7148 398.1849 394.8083 391.3225 387.8717 385.1567 382.1494 378.8917 376.3149 373.7805 371.4932 368.6760 366.0976 363.6208 360.8724 356.4465 351.0474 345.6471 340.5030 340.0001 339.3591 340.9518 345.1390 349.7968 356.5906 362.6941 367.8620 372.0271 375.4744 377.5016 378.6054 378.7188 379.0370 379.7715 381.6437 383.9859 386.8307 389.6617 393.1422 396.3466 399.3940 402.0290 404.0924 405.1284 405.9464 405.1470 404.6667 404.7250 404.9024 405.7063 406.6046 406.3896
450.3428 445.2196 439.9424 434.9712 430.0000 426.0849 422.1697 418.0083 413.1396 408.5755 404.3240 400.1166 396.3853 392.7185 388.6725 384.5473 381.7147 379.1106 375.8261 372.7476 371.0507 368.2725 365.1799 362.6659 361.0163 358.1818 353.9881 349.3470 344.1176 340.0003 340.0002 341.0663 345.0355 348.8839 353.0682 358.7500 364.3113 369.9761 374.1494 377.7115 380.3542 381.7635 382.2195 382.9772 383.5437 384.4138 386.7964 388.9552 391.7532 395.3810 398.8254 402.0704 405.0560 407.6105 409.4489 410.7796 410.7711 410.5000 410.6240 410.7812 410.6667 410.3938 409.5672
451.7247 447.0099 441.7982 436.6620 431.2272 426.9625 423.0294 419.8525 414.0302 408.6283 404.5879 400.5703 396.4585 392.1814 387.3369 382.3410 379.2627 375.2304 371.5638 368.7130 366.5074 363.4063 360.3232 359.1217 358.0469 353.5404 349.9411 349.5888 344.1179 341.3213 343.3268 346.4803 350.0107 353.2544 356.5781 361.3122 366.4000 371.4836 376.0597 380.0000 382.5742 384.5897 385.3568 386.3695 387.2696 388.0883 389.6142 392.0857 394.3647 397.2578 400.8268 404.3370 407.7409 410.7592 413.0195 414.4340 414.7491 414.6667 414.6240 414.0000 413.8370 412.5271 410.1859
452.8116 448.3354 443.3845 438.6998 433.5235 428.9271 424.9523 421.0500 415.3550 410.4017 406.2895 402.2565 398.1019 393.8680 388.9357 383.7343 378.9474 375.0411 371.9607 367.6320 362.0422 360.0002 360.0001 358.8401 356.9112 354.3311 351.3770 349.1646 346.4817 346.5063 347.4825 350.0902 353.7845 357.5163 360.8960 364.2935 369.1935 373.6371 377.1696 380.8465 383.5733 386.6571 388.9232 389.9427 390.9622 392.2001 393.3719 395.6030 397.8000 399.8945 403.5853 407.1773 410.7445 413.7704 416.2985 417.9749 418.7271 418.8333 418.5938 417.3333 415.8085 413.3497 410.6866
453.7935 449.6892 445.3603 440.9384 436.2058 431.4958 426.7394 422.2059 417.5442 412.7337 408.7637 404.9358 401.0886 396.8383 391.6698 386.1593 380.5168 376.8272 374.7201 372.0413 366.4514 362.8365 360.6820 359.8841 358.8634 356.7073 354.0481 351.6920 350.2437 351.7687 352.7943 353.7705 357.0462 361.3333 364.9461 368.5670 372.1739 376.8576 379.7721 383.0313 386.1539 389.2376 392.1314 393.8068 394.8263 396.6261 397.8483 399.5673 401.7064 404.2748 407.0425 410.5976 414.1649 417.0588 419.6899 420.0003 420.0004 420.0005 420.0005 419.1937 416.8355 414.1724 411.5093
455.2130 451.2156 447.0934 442.9711 438.6038 434.4459 429.5835 424.6872 419.7108 415.5307 411.8873 408.0594 404.0212 399.3962 393.7358 388.0516 382.3899 379.5866 377.4794 376.4505 371.0505 369.5886 364.5688 362.5029 360.5472 358.3394 356.0846 355.7341 354.6717 354.4564 355.9414 357.9207 360.2476 364.3748 368.6667 372.4451 376.2500 380.0476 382.8156 385.5219 388.6944 391.8181 394.8598 397.1109 398.7484 401.0047 402.9040 404.5256 406.3152 408.5459 411.2723 414.2560 417.5852 420.0001 420.0002 421.0000 421.5000 421.4000 421.0000 419.6884 417.2285 414.7686 412.3087
456.8643 452.7421 448.6960 445.0836 441.2557 437.2899 432.4185 427.8873 423.0250 418.4418 415.0109 410.9499 406.0761 401.7065 396.5409 390.7220 384.9778 380.0002 380.0001 379.4983 378.0898 374.1146 369.0948 364.4148 361.1201 358.6864 356.6960 357.1190 358.3252 358.0374 358.9257 360.0644 363.0831 366.8896 371.2940 375.7585 380.0000 382.9366 385.6764 388.4631 391.2864 394.3575 397.4705 400.0222 403.3121 406.2947 408.4660 409.7739 411.0980 412.9987 415.5106 418.4779 420.0011 420.7000 421.1000 422.0000 422.2000 422.0000 421.1000 418.3642 415.7372 413.1102 410.4831
458.5981 454.8460 451.4099 447.8280 444.2282 440.5728 436.2500 431.4840 426.4370 422.0149 418.0326 413.9504 409.5869 405.1142 400.4674 394.3667 388.6054 385.6933 382.6405 382.5679 380.0000 376.4971 371.1882 366.5391 361.8900 358.9935 357.2382 357.4908 358.9755 360.0000 362.0493 363.7742 365.9631 369.2350 373.5547 377.9309 381.9976 385.4781 388.4775 391.2780 394.1105 397.0510 400.1172 404.2339 407.8170 411.2511 414.0071 414.9372 416.0507 417.6848 419.7315 420.5097 420.2079 420.8000 420.9000 421.0000 421.1000 421.0000 418.9443 416.4381 413.6795 411.0524 408.4254
461.2474 457.8015 454.3878 450.9396 447.2702 443.6980 439.7341 434.4892 429.8813 425.8510 421.6354 417.6139 413.4855 409.0371 403.5793 397.6931 394.0000 391.3474 387.5316 384.5550 381.3107 377.1966 372.4930 367.9286 363.5946 359.9514 358.3341 358.6340 360.0347 362.9358 365.3468 367.7404 369.3897 371.9713 375.5056 379.7102 383.6782 387.4535 390.8340 393.9554 396.8797 399.7816 403.8221 408.0670 412.0593 415.8104 419.1263 420.0320 420.2488 420.5519 420.8057 421.3107 420.8060 420.0255 420.7000 420.8000 420.0002 418.6425 416.2787 413.8503 411.7425 408.9947 406.3677
464.0116 460.8043 457.6510 453.9677 450.2593 446.2653 442.0024 437.4739 432.7859 428.7622 425.1385 421.6429 417.6067 412.5275 406.9423 402.7860 400.0632 396.8031 393.0004 387.3803 381.8317 377.7347 373.4860 369.6160 365.9298 362.4633 360.0768 360.4240 362.9026 365.9909 368.6442 371.0552 373.0274 375.2582 378.2419 381.4240 385.2159 389.0167 392.9450 396.2654 399.4333 403.3977 407.4286 411.6566 416.0167 419.9332 420.6860 421.0393 421.4064 421.6830 421.8519 422.1116 421.4041 420.6236 420.0004 420.0001 417.9641 415.8857 413.5129 411.1176 408.9483 406.8554 404.3100
466.1662 463.3392 460.5094 456.7890 452.7124 448.4432 444.0835 439.9324 435.8993 432.3269 428.7857 425.2273 421.1869 416.2927 411.4651 407.5280 404.6786 401.9686 397.8099 392.2274 385.4344 379.2729 375.6328 372.0702 368.6201 365.5834 363.4776 364.3216 365.9875 369.0042 371.9471 374.3526 376.7318 378.8165 381.2371 383.9848 387.2135 391.0315 394.8230 398.4931 402.5611 406.8688 411.0467 415.1209 419.4992 420.7007 421.4298 422.0466 422.3866 422.8005 423.0267 422.5689 421.2637 420.5378 419.6649 417.5280 415.3434 413.0129 410.8086 408.3729 405.9301 404.0237 401.9683
468.4684 465.6144 462.6080 459.1920 454.8966 450.6171 446.6520 442.9153 439.5000 435.9286 432.3982 428.4496 424.3967 420.1104 415.3245 411.7924 408.7967 405.5668 401.5324 395.7337 389.3126 382.9429 378.2105 374.7956 371.8282 369.0066 366.9479 368.2257 369.5208 372.0441 375.0735 377.7574 380.0641 382.7716 385.1031 387.2556 390.1273 393.3176 396.7445 400.7226 405.5255 410.1132 414.4487 418.6956 420.6677 421.3108 422.1092 422.8718 423.3668 423.7808 422.9892 422.6470 421.8156 419.7095 416.9425 414.7774 412.4849 410.4858 408.1034 405.7315 403.2329 400.9269 398.9048
470.6877 467.5426 464.3938 461.1292 457.3293 453.3761 449.6949 446.1794 442.7403 439.5626 435.7170 431.8216 427.6045 423.5536 419.4705 415.9124 412.5615 408.7979 404.6704 399.8625 393.4535 387.2599 381.6102 378.0730 375.2514 372.4299 370.8348 372.1299 373.4250 374.8561 378.1008 381.2322 384.0212 386.6972 389.2902 391.4259 393.3094 396.2698 399.4679 403.6190 408.0101 412.7204 417.4521 420.7864 422.4117 423.0899 423.4823 423.8746 424.3082 423.5948 422.4373 421.3026 420.4856 417.6020 414.8108 411.9733 409.8111 407.6419 405.6281 403.1938 400.6544 397.8794 395.5355
472.5980 469.5567 466.2847 463.1643 460.1156 456.4333 452.8239 449.1104 445.9163 442.5731 439.2565 435.3488 431.3356 427.3111 423.3008 419.6757 416.0634 412.4916 408.2921 403.2986 397.5000 391.4694 386.1176 380.9562 377.8943 375.4355 374.3448 375.5645 377.0511 378.6242 381.0890 384.7363 387.8673 390.6349 393.3303 395.5124 397.1757 399.3867 402.9723 406.8560 410.9757 415.7279 420.0724 421.8780 423.7249 425.1198 425.5121 425.9045 424.8432 422.9763 421.8607 420.7286 418.8042 415.4384 412.2581 409.8193 407.0040 404.7742 402.8680 400.7704 397.9557 394.9047 392.1640
474.6559 471.5539 468.4373 465.4288 462.4586 459.3230 455.4806 452.1817 448.7590 445.5555 442.3881 439.1838 435.1287 430.9802 427.0111 423.3123 420.2635 416.6007 412.1321 406.7144 401.2370 395.5294 390.3381 385.5010 381.5205 378.6387 377.6591 379.0575 380.3991 381.9058 384.8683 388.3148 391.6264 394.4986 397.2538 399.8409 401.5985 403.6703 406.6632 410.5763 414.2089 418.1631 421.1115 423.0132 424.8423 426.6633 427.5420 426.8937 424.8082 422.7227 421.1956 420.0572 416.8858 413.5511 410.1298 406.9878 404.5649 402.0352 399.7199 397.8651 395.0506 392.1059 389.1088
476.8099 473.7298 470.7420 467.7778 464.7189 461.5581 458.4471 454.8918 451.5237 448.3582 445.2830 442.1261 438.5492 434.3566 430.2655 426.8500 423.7919 420.6271 415.9304 410.5984 404.8663 399.6034 394.4387 389.7076 386.3421 382.9833 381.8016 383.7940 385.9933 386.9349 389.2225 392.1280 395.2429 398.2625 401.0702 403.7014 405.7970 407.5452 410.6687 414.0466 418.1804 421.3827 424.8206 426.3404 427.5936 428.8468 429.0375 426.8586 424.7732 422.6877 420.6338 418.2557 414.8368 411.4489 408.1537 404.8534 401.7395 399.2969 396.8419 394.5274 392.2949 389.1682 386.2545
479.0380 476.0552 473.1195 470.0000 466.9739 464.0479 460.8953 457.4563 454.2443 451.1513 447.8860 444.5927 441.2068 437.2187 433.4366 430.1503 427.0562 423.8460 419.8366 414.2246 408.9503 403.8339 398.4648 394.5435 391.3772 388.1715 388.0149 389.8117 391.5876 392.2017 393.8006 396.5952 399.3280 402.0332 404.8184 407.4247 409.8958 411.9924 414.3750 417.7122 421.2583 424.8545 427.8922 431.0253 432.2785 433.5317 431.4861 426.8675 424.0558 422.0364 420.0776 416.6316 413.0539 409.5342 406.1048 402.7395 399.4325 396.4639 393.9387 391.4697 389.3098 386.7247 383.3526
481.4373 478.4645 475.3846 472.3907 469.4073 466.3499 463.1132 460.1223 456.9079 453.6326 450.1879 446.7377 443.3942 440.0198 436.5087 433.4852 430.5429 426.5987 423.0248 418.4461 413.4493 408.1388 402.4410 398.3995 395.6693 393.0150 394.2281 395.8422 397.1429 397.5238 398.6443 401.1286 403.3294 405.7492 408.5938 411.2773 413.7623 415.9061 418.2812 421.3904 424.6780 427.9156 431.2836 434.4018 436.9634 438.0918 433.9346 429.3160 424.6975 421.3427 418.6744 414.9922 411.3684 407.8404 404.2715 400.8127 397.4347 394.1354 391.1749 388.5806 386.0975 383.7682 381.1545
483.7764 480.7553 477.8076 474.8215 471.7878 468.6231 465.6427 462.5392 459.1934 455.6879 452.3686 449.0512 445.7442 442.5996 439.8309 437.0119 433.5763 430.6979 426.9166 422.8511 418.0437 412.5811 407.0736 402.3476 398.7479 396.7204 398.2649 400.4078 402.2642 402.2222 403.1655 405.1762 407.6631 409.6334 412.3359 415.1042 417.6064 419.8871 422.3674 425.1779 428.4414 431.4854 434.5887 437.8146 440.0003 440.0001 435.6357 431.1271 426.4719 421.7678 417.6156 413.8573 410.1320 406.3320 402.5965 399.0427 395.4861 392.0500 388.8577 385.8814 383.2195 380.7544 377.9527
485.5526 482.7454 480.2528 477.2642 474.1508 471.1599 468.0251 464.6208 461.3046 458.0328 454.7082 451.5094 448.4617 445.9375 443.2522 440.6697 437.8903 434.7510 431.2211 427.0703 422.4628 417.1936 412.1833 407.3507 403.3355 400.8086 402.1056 405.0250 406.9488 406.8518 407.5894 409.8458 411.8149 413.5407 416.0036 418.9226 421.8452 424.3357 426.6667 429.1871 432.1183 435.4923 438.3599 440.5295 440.9954 440.0002 435.4119 430.6226 425.8405 421.1086 417.0123 413.1104 409.2793 405.4559 401.6326 397.8092 393.9693 390.2046 386.6563 383.5005 380.5187 378.2548 375.4329
